0 -18 21411 
20 0 21511 
57 36 21611 
97 76 21711 
139 117 21812 
183 160 21912 
228 202 22011 
272 244 22111 
316 287 22211 
361 330 22311 
405 374 22411 
449 416 22511 
492 460 22611 
536 503 22711 
580 546 22812 
624 589 22912 
669 632 23011 
714 675 23111 
758 697 23211 
800 700 23311 
840 700 23411 
881 700 23511 
922 700 23611 
964 700 23711 
1005 700 23812 
1047 700 23912 
1089 722 24011 
1131 759 24111 
1174 800 24211 
1217 843 24311 
1261 886 24411 
1305 930 24511 
1350 973 24611 
1394 1016 24711 
1438 1060 24812 
1483 1103 24912 
1526 1146 25011 
1570 1190 25111 
1613 1233 25211 
1657 1276 25311 
1701 1320 25411 
1746 1363 25511 
1790 1386 25611 
1833 1389 25711 
1874 1389 25812 
1914 1389 25912 
1954 1389 26011 
1995 1389 26111 
2037 1389 26211 
2079 1389 26311 
2121 1410 26411 
2164 1448 26511 
2208 1488 26611 
2251 1531 26711 
2295 1574 26812 
2338 1618 26912 
2382 1661 27011 
2427 1705 27111 
2472 1748 27211 
2516 1792 27311 
2561 1835 27411 
2605 1879 27511 
2649 1922 27611 
2692 1966 27711 
2737 2009 27812 
2781 2053 27912 
2826 2096 28011 
2870 2119 28111 
2914 2122 28211 
2955 2123 28311 
2995 2123 28411 
3036 2123 28511 
3076 2123 28611 
3118 2123 28711 
3160 2123 28812 
3202 2144 28912 
3245 2181 29011 
3289 2222 29111 
3333 2265 29211 
3376 2308 29311 
3420 2351 29411 
3464 2394 29511 
3508 2436 29611 
3552 2479 29711 
3596 2522 29812 
3640 2565 29912 
3684 2608 30011 
3727 2650 30111 
3770 2693 30211 
3814 2736 30311 
3858 2779 30411 
3903 2800 30511 
3946 2804 30611 
3988 2804 30711 
4029 2804 30812 
4069 2804 30912 
4109 2804 31011 
4149 2804 31111 
4190 2804 31211 
4232 2826 31311 
4274 2863 31411 
4317 2904 31511 
4361 2946 31611 
4404 2989 31711 
4448 3032 31812 
4490 3075 31912 
4534 3117 32011 
4578 3161 32111 
4622 3204 32211 
4666 3247 32311 
4711 3290 32411 
4755 3333 32511 
4798 3376 32611 
4842 3419 32711 
4886 3462 32812 
4930 3484 32912 
4974 3487 33011 
5016 3487 33111 
5059 3487 33211 
5100 3487 33311 
5140 3487 33411 
5180 3487 33511 
5220 3487 33611 
5261 3509 33711 
5303 3547 33812 
5346 3588 33912 
5391 3630 34011 
5435 3673 34111 
5479 3716 34211 
5522 3759 34311 
5566 3802 34411 
5610 3846 34511 
5654 3890 34611 
5698 3933 34711 
5743 3977 34812 
5787 4020 34912 
5831 4063 35011 
5875 4106 35111 
5918 4150 35211 
5961 4193 35311 
6006 4215 35411 
6048 4219 35511 
6091 4219 35611 
6133 4219 35711 
6175 4219 35812 
6215 4219 35912 
6256 4219 36011 
6296 4219 36111 
6338 4240 36211 
6380 4278 36311 
6424 4319 36411 
6469 4362 36511 
6513 4405 36611 
6557 4448 36711 
6601 4492 36812 
6644 4535 36912 
6688 4578 37011 
6733 4622 37111 
6777 4666 37211 
6822 4708 37311 
6866 4752 37411 
6910 4795 37511 
6954 4838 37611 
6998 4882 37711 
7042 4904 37812 
7085 4907 37912 
7128 4908 38011 
7170 4908 38111 
7212 4908 38211 
7254 4908 38311 
7294 4908 38411 
7334 4908 38511 
7375 4929 38611 
7417 4967 38711 
7460 5008 38812 
7505 5050 38912 
7549 5094 39011 
7594 5137 39111 
7638 5180 39211 
7681 5223 39311 
7724 5266 39411 
7768 5309 39511 
7812 5352 39611 
7856 5395 39711 
7900 5438 39812 
7944 5481 39912 
7988 5524 40011 
8031 5566 40111 
8074 5609 40211 
8118 5630 40311 
8161 5633 40411 
8203 5633 40511 
8245 5633 40611 
8287 5633 40711 
8328 5633 40812 
8368 5633 40912 
8408 5633 41011 
8447 5655 41111 
8488 5692 41211 
8532 5733 41311 
8576 5776 41411 
8620 5818 41511 
8664 5861 41611 
8708 5904 41711 
8751 5947 41812 
8794 5990 41912 
8837 6033 42011 
8881 6076 42111 
8925 6119 42211 
8969 6162 42311 
9014 6205 42411 
9057 6248 42511 
9100 6291 42611 
9143 6313 42711 
9186 6316 42812 
9227 6316 42912 
9268 6316 43011 
9310 6316 43111 
9352 6316 43211 
9394 6316 43311 
9435 6316 43411 
9474 6338 43511 
9515 6376 43611 
9558 6416 43711 
9602 6459 43812 
9646 6502 43912 
9691 6545 44011 
9735 6588 44111 
9779 6630 44211 
9823 6673 44311 
9866 6716 44411 
9909 6759 44511 
9953 6803 44611 
9998 6846 44711 
10042 6889 44812 
10086 6932 44912 
10131 6976 45011 
10174 6998 45111 
10216 7001 45211 
10257 7001 45311 
10298 7001 45411 
10340 7001 45511 
10381 7001 45611 
10424 7001 45711 
10466 7001 45812 
10506 7023 45912 
10548 7060 46011 
10591 7102 46111 
10634 7144 46211 
10679 7188 46311 
10723 7231 46411 
10767 7274 46511 
10812 7318 46611 
10856 7361 46711 
10899 7405 46812 
10942 7448 46912 
10986 7492 47011 
11030 7535 47111 
11074 7578 47211 
11118 7622 47311 
11163 7665 47411 
11207 7708 47511 
11250 7730 47611 
11292 7734 47711 
11332 7734 47812 
11373 7734 47912 
11414 7734 48011 
11456 7734 48111 
11498 7734 48211 
11540 7734 48311 
11581 7755 48411 
11622 7793 48511 
11664 7834 48611 
11708 7877 48711 
11752 7921 48812 
11796 7964 48912 
11841 8007 49011 
11885 8050 49111 
11930 8093 49211 
11974 8136 49311 
12017 8180 49411 
12061 8223 49511 
12105 8266 49611 
12149 8310 49711 
12194 8352 49812 
12238 8396 49912 
12282 8417 50011 
12324 8420 50111 
12364 8420 50211 
12404 8420 50311 
12444 8420 50411 
12486 8420 50511 
12527 8420 50611 
12569 8420 50711 
12611 8442 50812 
12652 8479 50912 
12695 8520 51011 
12738 8562 51111 
12780 8605 51211 
12824 8648 51311 
12867 8690 51411 
12911 8732 51511 
12955 8775 51611 
12999 8817 51711 
13042 8860 51812 
13086 8903 51912 
13128 8946 52011 
13172 8989 52111 
13216 9032 52211 
13260 9074 52311 
13305 9117 52411 
13349 9139 52511 
13391 9142 52611 
13430 9142 52711 
13470 9142 52812 
13511 9142 52912 
13552 9142 53011 
13593 9142 53111 
13635 9142 53211 
13677 9164 53311 
13719 9201 53411 
13762 9242 53511 
13804 9284 53611 
13847 9327 53711 
13890 9370 53812 
13934 9413 53912 
13978 9456 54011 
14022 9499 54111 
14067 9542 54211 
14111 9585 54311 
14154 9628 54411 
14197 9671 54511 
14241 9714 54611 
14285 9758 54711 
14329 9800 54812 
14373 9822 54912 
14416 9826 55011 
14458 9826 55111 
14498 9826 55211 
14538 9826 55311 
14578 9826 55411 
14618 9826 55511 
14660 9826 55611 
14702 9847 55711 
14744 9884 55812 
14788 9924 55912 
14832 9967 56011 
14876 10010 56111 
14918 10053 56211 
14962 10096 56311 
15006 10140 56411 
15050 10183 56511 
15094 10226 56611 
15139 10270 56711 
15183 10313 56812 
15227 10356 56912 
15270 10400 57011 
15314 10444 57111 
15358 10487 57211 
15402 10509 57311 
15445 10513 57411 
15487 10513 57511 
15528 10513 57611 
15568 10513 57711 
15607 10513 57812 
15647 10513 57912 
15688 10513 58011 
15729 10534 58111 
15771 10572 58211 
15815 10614 58311 
15860 10656 58411 
15904 10699 58511 
15947 10742 58611 
15990 10786 58711 
16034 10829 58812 
16078 10873 58912 
16122 10916 59011 
16167 10960 59111 
16212 11004 59211 
16256 11046 59311 
16300 11090 59411 
16344 11134 59511 
16387 11178 59611 
